image_width: 640
image_height: 480
camera_name: depth_PS1080_PrimeSense
camera_matrix:
  rows: 3
  cols: 3
  data: [574.346449, 0, 317.879414, 0, 575.44043, 257.113852, 0, 0, 1]
distortion_model: plumb_bob
distortion_coefficients:
  rows: 1
  cols: 5
  data: [-0.023222, -0.010843, 0.006383, -0.00029, 0]
rectification_matrix:
  rows: 3
  cols: 3
  data: [1, 0, 0, 0, 1, 0, 0, 0, 1]
projection_matrix:
  rows: 3
  cols: 4
  data: [569.385193, 0, 317.175337, 0, 0, 570.903992, 258.683589, 0, 0, 0, 1, 0]
