image_width: 640
image_height: 480
camera_name: rgb_PS1080_PrimeSense
camera_matrix:
  rows: 3
  cols: 3
  data: [540.985513, 0, 316.703499, 0, 540.009718, 240.06119, 0, 0, 1]
distortion_model: plumb_bob
distortion_coefficients:
  rows: 1
  cols: 5
  data: [0.047786, -0.13637, 0.000184, 0.00139, 0]
rectification_matrix:
  rows: 3
  cols: 3
  data: [1, 0, 0, 0, 1, 0, 0, 0, 1]
projection_matrix:
  rows: 3
  cols: 4
  data: [540.17218, 0, 316.91024, 0, 0, 541.227173, 239.622334, 0, 0, 0, 1, 0]
