image_width: 640
image_height: 480
camera_name: rgb_PS1080_PrimeSense
camera_matrix:
  rows: 3
  cols: 3
  data: [514.901967, 0, 331.205752, 0, 512.967972, 245.420519, 0, 0, 1]
distortion_model: plumb_bob
distortion_coefficients:
  rows: 1
  cols: 5
  data: [0.023626, -0.082342, -0.00483, -0.002897, 0]
rectification_matrix:
  rows: 3
  cols: 3
  data: [1, 0, 0, 0, 1, 0, 0, 0, 1]
projection_matrix:
  rows: 3
  cols: 4
  data: [512.843201, 0, 329.257572, 0, 0 512.922974, 243.243977, 0, 0, 0, 1, 0]
